
ЗАДАНИЕ: Для кода над F_3, заданного порождающей матрицей из F_3^{3 X 7}, декодировать полученное слово. Код исправляет одну ошибку.

--------------- Бакиновский ---------------------
Generator matrix: 
[1 1 0 1 2 0 2]
[0 1 0 1 1 1 2]
[1 2 2 1 0 0 1]

received word: (0, 1, 2, 1, 2, 1, 1)


--------------- Воробьев ---------------------
Generator matrix: 
[0 2 1 0 2 2 0]
[2 2 0 0 1 2 2]
[1 0 2 1 0 1 0]


received word: (1, 1, 0, 0, 2, 2, 1)


--------------- Уткин ---------------------
Generator matrix: 
[2 0 2 0 2 2 1]
[1 0 0 0 1 2 0]
[0 1 2 0 1 0 2]

received word: (0, 0, 0, 1, 0, 0, 0)


--------------- Орлов ---------------------
Generator matrix: 
[1 2 0 0 2 2 1]
[2 1 1 2 0 1 2]
[2 0 1 2 0 2 1]
received word: (1, 0, 0, 0, 2, 1, 1)



--------------- Флягин ---------------------
Generator matrix: 
[1 2 2 1 0 2 1]
[0 0 0 1 2 2 0]
[2 2 0 1 0 0 2]
received word: (0, 2, 0, 1, 0, 0, 2)


--------------- Нецветайлов ---------------------
Generator matrix: 
[0 1 1 1 1 2 0]
[0 2 0 2 2 2 2]
[1 0 0 0 2 1 0]

received word: (0, 0, 0, 0, 1, 2, 0)

--------------- Гервятович ---------------------
Generator matrix: 
[2 0 1 1 1 0 1]
[0 2 0 0 1 0 1]
[0 0 1 0 1 1 2]

received word: (2, 2, 2, 1, 0, 1, 2)



--------------- Коршунов ---------------------
Generator matrix: 
[0 2 2 2 1 1 1]
[2 2 2 1 0 1 0]
[2 2 2 0 1 1 1]

received word: (1, 0, 0, 1, 0, 0, 1)


--------------- Кулигин ---------------------
Generator matrix: 
[2 2 0 2 0 2 0]
[0 1 2 1 0 0 0]
[1 1 2 0 2 0 2]

received word: (0, 1, 1, 0, 2, 0, 2)

--------------- Борзенко ---------------------
Generator matrix: 
[0 0 2 1 1 2 0]
[2 0 1 0 2 1 0]
[1 0 0 2 0 1 2]

received word: (1, 0, 2, 1, 1, 2, 0)

--------------- Затирахин ---------------------
Generator matrix: 
[1 0 0 1 0 1 1]
[1 0 1 0 0 0 1]
[0 2 1 0 0 0 2]

received word: (2, 2, 0, 2, 0, 0, 1)


--------------- Винников ---------------------
Generator matrix: 
[2 1 1 0 2 2 2]
[0 0 1 0 1 1 1]
[0 1 0 2 2 0 1]


received word: (0, 0, 0, 0, 2, 2, 2)


--------------- Попков ---------------------
Generator matrix: 
[0 0 2 1 2 0 0]
[1 1 1 2 2 0 2]
[2 1 0 2 1 1 1]

received word: (0, 2, 1, 2, 0, 1, 0)

--------------- Куртев ---------------------
Generator matrix: 
[0 2 0 0 2 1 0]
[1 1 0 2 2 2 1]
[2 0 2 2 0 2 0]

received word: (0, 1, 0, 2, 0, 0, 2)

